[app/ui]
version = 7.3.1.1
modtime = 1570612534.350946000

[app/launcher]
version = 7.3.1.1
modtime = 1570612534.352982000
